
-------------------- Trial 0  --------------------

Trial 0 Training NaiveBayesTrainer with 2956 instances
Trial 0 Training NaiveBayesTrainer finished
Trial 0 Trainer NaiveBayesTrainer
 Raw Testing Data
Instance0: negative positive:0.8151114242863838 negative:0.17156132013918987 neutral:0.013327255559872964 conflict:1.4553515917469807E-11 
Instance1: positive negative:0.668556108507132 neutral:0.2718081015494558 positive:0.059634922785588775 conflict:8.671578234059705E-7 
Instance2: neutral neutral:0.647884709167163 negative:0.19540905499454442 positive:0.15670601642072832 conflict:2.194175641379264E-7 
Instance3: neutral negative:0.471913189014839 neutral:0.45808295566074625 positive:0.06998153767725618 conflict:2.2317647158554362E-5 
Instance4: negative negative:0.6981513639506677 positive:0.27820001725067905 neutral:0.023647252209604116 conflict:1.3665890492863909E-6 
Instance5: neutral neutral:0.45678141170250297 positive:0.3239223434237305 negative:0.2192962406461372 conflict:4.2276292658080005E-9 
Instance6: neutral positive:0.8099296596070379 negative:0.09591069147092393 neutral:0.0941596246810341 conflict:2.4241004042581157E-8 
Instance7: neutral positive:0.5490809351491643 neutral:0.26431521969190563 negative:0.18659882705658834 conflict:5.018102341588424E-6 
Instance8: positive positive:0.9948802938056818 negative:0.004724072066350769 neutral:3.944580535144415E-4 conflict:1.1760744530933668E-6 
Instance9: positive positive:0.9998256216122313 negative:1.7026923382744985E-4 neutral:4.1091521670716965E-6 conflict:1.7740144831695291E-12 
Instance10: positive positive:0.9991408836747443 negative:8.393369385155561E-4 neutral:1.9779340125450175E-5 conflict:4.6614691656503275E-11 
Instance11: positive positive:0.7849988589800997 neutral:0.18827891968640062 negative:0.02671752976185413 conflict:4.691571645467166E-6 
Instance12: positive positive:0.9981785210988708 negative:0.0013022767822721466 neutral:5.192005505786108E-4 conflict:1.5682786354095472E-9 
Instance13: positive positive:0.9989826449545584 negative:8.853042861805805E-4 neutral:1.3193180902914878E-4 conflict:1.1895023194275786E-7 
Instance14: positive positive:0.9989733243828767 negative:9.048300330380825E-4 neutral:1.2184407652501044E-4 conflict:1.5075604702758686E-9 
Instance15: neutral positive:0.43734354154736277 neutral:0.2906327428479181 negative:0.2720237079482503 conflict:7.65646874940441E-9 
Instance16: positive positive:0.8025648622415653 neutral:0.1832001831309008 negative:0.01423488847166808 conflict:6.615586557206226E-8 
Instance17: positive neutral:0.8364437702828109 positive:0.09989169676435851 negative:0.06365313122241943 conflict:1.1401730411185468E-5 
Instance18: positive neutral:0.4860336162531215 positive:0.4177055758497993 negative:0.0962419275376469 conflict:1.888035943226003E-5 
Instance19: positive positive:0.6740290901605673 negative:0.23848217180143977 neutral:0.08748873697057982 conflict:1.067413020774773E-9 
Instance20: positive positive:0.9748904433218578 negative:0.019255461341944443 neutral:0.005854095333774816 conflict:2.4228342231109898E-12 
Instance21: neutral positive:0.7229082913232704 negative:0.26067681860268066 neutral:0.01641488459067145 conflict:5.483377546740234E-9 
Instance22: positive positive:0.9666053285701768 neutral:0.029306509068886048 negative:0.0040880015599765104 conflict:1.6080096046966E-7 
Instance23: positive positive:0.5423368671645538 neutral:0.34935844221025497 negative:0.10830452955764272 conflict:1.6106754863475106E-7 
Instance24: positive positive:0.9959650860866702 negative:0.00214975002301875 neutral:0.0018851638266796215 conflict:6.363133343652641E-11 
Instance25: neutral positive:0.6023943178904754 neutral:0.21990650662484532 negative:0.1776981747035082 conflict:1.0007811709615646E-6 
Instance26: positive positive:0.9994042560227497 negative:5.055502895666102E-4 neutral:9.014810035631266E-5 conflict:4.558732743399831E-8 
Instance27: positive positive:0.7864783338427191 negative:0.17689669449775125 neutral:0.03662067050894852 conflict:4.301150580980424E-6 
Instance28: neutral positive:0.6822424098519532 neutral:0.21463691031859328 negative:0.1031206747237171 conflict:5.105736548387872E-9 
Instance29: negative negative:0.6420728176884907 neutral:0.33552187924029375 positive:0.02240524844766707 conflict:5.4623548500505735E-8 
Instance30: positive positive:0.5120202517752163 neutral:0.3110103656641188 negative:0.17696938165605727 conflict:9.046077277498849E-10 
Instance31: positive positive:0.44327119563619344 neutral:0.3898915938993991 negative:0.16683696273623638 conflict:2.477281711472777E-7 
Instance32: positive positive:0.997901124627351 negative:0.0020643561473266507 neutral:3.368926672588487E-5 conflict:8.299585963556285E-7 
Instance33: positive positive:0.9983654015596638 neutral:0.001005808851056451 negative:6.284912299248826E-4 conflict:2.9835935496347633E-7 
Instance34: positive positive:0.9125184670042444 negative:0.07629206563848118 neutral:0.011189142696072766 conflict:3.2466120154695105E-7 
Instance35: positive negative:0.9225155159752507 positive:0.07316841970829975 neutral:0.004316063980124306 conflict:3.3632522915030494E-10 
Instance36: positive negative:0.5027337607288715 positive:0.40307710931150614 neutral:0.09417517066606276 conflict:1.3959293559554074E-5 
Instance37: conflict negative:0.5301596251353958 positive:0.237637279716721 neutral:0.232203083254701 conflict:1.1893182141487569E-8 
Instance38: conflict negative:0.762297186339236 positive:0.1402995153933624 neutral:0.09740329823497937 conflict:3.242210005540476E-11 
Instance39: conflict positive:0.7235334438971122 negative:0.2342258257901213 neutral:0.04224067888396915 conflict:5.142879729946647E-8 
Instance40: negative negative:0.6218767581944629 positive:0.22127881937074298 neutral:0.15680641189524802 conflict:3.801053954608311E-5 
Instance41: neutral positive:0.9519669691910787 neutral:0.03070692145769607 negative:0.01732610669147152 conflict:2.6597535001468753E-9 
Instance42: positive positive:0.5532697418690127 neutral:0.27991503732715295 negative:0.16681294029168733 conflict:2.280512147034481E-6 
Instance43: negative positive:0.7553700118676194 negative:0.16490598424448413 neutral:0.07972394217995599 conflict:6.170794043062274E-8 
Instance44: negative positive:0.7870711126145918 negative:0.16694199907071025 neutral:0.045986878332458174 conflict:9.982239774838555E-9 
Instance45: negative negative:0.5103349820748787 positive:0.4606290885919188 neutral:0.029032229283306198 conflict:3.7000498962843717E-6 
Instance46: positive positive:0.9996939348659309 negative:1.9620617510613785E-4 neutral:1.0983957374871476E-4 conflict:1.9385214443931854E-8 
Instance47: positive positive:0.9933324600793582 negative:0.005655864289468576 neutral:0.0010116380436843684 conflict:3.7587489016770536E-8 
Instance48: positive positive:0.9235444488126183 negative:0.04959073433023493 neutral:0.026861013377120626 conflict:3.803480026139773E-6 
Instance49: positive positive:0.9951925625905869 negative:0.003943890163597494 neutral:8.439006195619376E-4 conflict:1.9646626253654652E-5 
Instance50: positive positive:0.9565092050806429 negative:0.02884744535249538 neutral:0.014641844877165808 conflict:1.5046896959213395E-6 
Instance51: positive positive:0.9968782535426255 neutral:0.001828696632742642 negative:0.0012930484535410053 conflict:1.3710908496131528E-9 
Instance52: positive positive:0.999646834493966 negative:3.1843922713275385E-4 neutral:3.4726030716213385E-5 conflict:2.481847950167152E-10 
Instance53: positive neutral:0.4764782571449862 negative:0.3793858468838321 positive:0.14413581556732033 conflict:8.040386142380413E-8 
Instance54: positive positive:0.7951528337345637 negative:0.1624972095080131 neutral:0.042345911534781 conflict:4.045222642075584E-6 
Instance55: positive positive:0.503881196146947 negative:0.31413797217072553 neutral:0.18198000514069396 conflict:8.26541633614768E-7 
Instance56: negative negative:0.4106952921448633 positive:0.3907395767913533 neutral:0.19856507781914 conflict:5.324464356722349E-8 
Instance57: neutral negative:0.594560330486213 positive:0.3763208057737987 neutral:0.029118736006683684 conflict:1.277333046836622E-7 
Instance58: negative negative:0.5826631504410811 positive:0.3921517989994118 neutral:0.025185048340354253 conflict:2.2191529550032986E-9 
Instance59: negative negative:0.8050062976987844 positive:0.1769875694505132 neutral:0.018006122327120067 conflict:1.0523582328052351E-8 
Instance60: negative negative:0.7700198008393903 neutral:0.22948810916780912 positive:4.920879850704306E-4 conflict:2.007730202780926E-9 
Instance61: neutral negative:0.4299354336022815 positive:0.2893247057217242 neutral:0.28073747288811546 conflict:2.3877878789109514E-6 
Instance62: positive positive:0.9855145070766413 negative:0.012159097979033393 neutral:0.0023259915861083627 conflict:4.0335821674234314E-7 
Instance63: positive positive:0.9931471813681736 negative:0.0055219512468188126 neutral:0.0013308446830827556 conflict:2.2701924983514432E-8 
Instance64: positive positive:0.996868508536858 neutral:0.0019835074335960282 negative:0.0011479840222959096 conflict:7.2500459953565125E-12 
Instance65: positive positive:0.7934633780704698 neutral:0.15241307913592234 negative:0.05412353711944374 conflict:5.67416409108159E-9 
Instance66: negative negative:0.6190688457211879 positive:0.21052324613244427 neutral:0.16965877572769625 conflict:7.491324186715459E-4 
Instance67: neutral negative:0.83026682928916 neutral:0.08962541021008648 positive:0.08010775473193847 conflict:5.768815066766444E-9 
Instance68: positive positive:0.9615241303895847 negative:0.023693987792748953 neutral:0.014780369258964298 conflict:1.5125587019824506E-6 
Instance69: positive negative:0.8039152079500074 positive:0.19482310051265503 neutral:0.0012616767450934743 conflict:1.4792244247725358E-8 
Instance70: negative negative:0.5299866946992537 positive:0.4399011549957406 neutral:0.030111884558565616 conflict:2.6574644016705026E-7 
Instance71: negative neutral:0.3968508529100497 negative:0.36188400802492743 positive:0.24125944083194928 conflict:5.698233073747145E-6 
Instance72: positive positive:0.7137520520788626 neutral:0.1699010739218478 negative:0.11632517532362703 conflict:2.1698675662590796E-5 
Instance73: positive positive:0.8231143831528757 negative:0.11341555890686901 neutral:0.0634700522129087 conflict:5.727346646667017E-9 
Instance74: positive positive:0.7110682899515993 negative:0.1585319091301374 neutral:0.13039969703209997 conflict:1.0388616338680632E-7 
Instance75: positive neutral:0.4271867284393394 positive:0.39336164021633235 negative:0.17945139815458028 conflict:2.3318974792790108E-7 
Instance76: positive positive:0.4429363355054906 neutral:0.32799753189417313 negative:0.22905420640133106 conflict:1.1926199005251679E-5 
Instance77: negative negative:0.49241936683806325 positive:0.45700915172815965 neutral:0.050570935249064024 conflict:5.46184713102047E-7 
Instance78: positive neutral:0.7512165221360269 positive:0.22109867336066333 negative:0.027684715149436184 conflict:8.9353873632085E-8 
Instance79: positive neutral:0.8627796251527837 positive:0.08411384699612341 negative:0.053106507923353946 conflict:1.9927738829269046E-8 
Instance80: positive positive:0.9015125165002125 negative:0.07360567520793501 neutral:0.02488178574777941 conflict:2.2544073301670698E-8 
Instance81: positive positive:0.9625162085397919 negative:0.03076105243095316 neutral:0.006722711680945848 conflict:2.734830922879314E-8 
Instance82: positive positive:0.9536379372918113 negative:0.04295473088945658 neutral:0.003406075133238425 conflict:1.2566854934581239E-6 
Instance83: positive positive:0.9105538044344957 negative:0.062178543672206 neutral:0.027267649869840378 conflict:2.0234576994532548E-9 
Instance84: positive positive:0.8991133605663614 negative:0.06626374879356557 neutral:0.034622890165600224 conflict:4.744727534120033E-10 
Instance85: positive positive:0.9712402119625736 negative:0.014566651681790586 neutral:0.014193135911057524 conflict:4.4457830349875733E-10 
Instance86: positive positive:0.9969723022163075 negative:0.0022060842593739417 neutral:8.214181724172879E-4 conflict:1.9535190129901478E-7 
Instance87: positive positive:0.9959920462370122 neutral:0.0020869065305066303 negative:0.0019209843057482329 conflict:6.29267328674703E-8 
Instance88: positive positive:0.9850787673649235 negative:0.014443418846402859 neutral:4.7780896318347284E-4 conflict:4.825490192170775E-9 
Instance89: positive positive:0.9848730139996681 negative:0.008036248292537539 neutral:0.007089901040868339 conflict:8.366669262678387E-7 
Instance90: positive negative:0.6837415713109812 positive:0.3047526363703522 neutral:0.011502403077425215 conflict:3.3892412414356317E-6 
Instance91: negative negative:0.8685122284051956 positive:0.09653357585647668 neutral:0.03494579354679205 conflict:8.402191535692612E-6 
Instance92: positive positive:0.9699536349832808 negative:0.023719435247093936 neutral:0.006325950848796839 conflict:9.789208284068242E-7 
Instance93: negative neutral:0.5083889371973775 negative:0.3539018453074359 positive:0.13770921749375445 conflict:1.4320623093100967E-12 
Instance94: negative positive:0.5531041457925724 negative:0.2755304166068529 neutral:0.17136336575956346 conflict:2.0718410113272516E-6 
Instance95: positive positive:0.6811625381773051 negative:0.29935920193135396 neutral:0.019478217497546375 conflict:4.239379446987501E-8 
Instance96: positive positive:0.9934691012908757 neutral:0.005017587357757627 negative:0.001513309373844412 conflict:1.9775220666670572E-9 
Instance97: negative positive:0.5689659430796266 negative:0.37915461948048707 neutral:0.051879436946994976 conflict:4.928914743734302E-10 
Instance98: positive positive:0.9694557357510634 negative:0.020786777810833868 neutral:0.00972012933519274 conflict:3.735710291000581E-5 
Instance99: positive positive:0.9966474428030497 negative:0.003198738358948026 neutral:1.5381759816211323E-4 conflict:1.2398400746314604E-9 
Instance100: positive negative:0.5549084380771316 positive:0.4101373626080124 neutral:0.03493430217419035 conflict:1.989714066557376E-5 
Instance101: positive positive:0.9448130274833506 negative:0.05452154844623477 neutral:6.525014159272668E-4 conflict:1.2922654487323459E-5 
Instance102: positive positive:0.9277565123326198 negative:0.05079032645975152 neutral:0.02145268724977275 conflict:4.739578559382126E-7 
Instance103: positive positive:0.9322160295969707 negative:0.05143656143859399 neutral:0.01634738232005267 conflict:2.6644382497465242E-8 
Instance104: positive positive:0.9962895630782626 negative:0.0025737851759251185 neutral:0.0011351409780145528 conflict:1.5107677977996834E-6 
Instance105: positive positive:0.9940198696178092 negative:0.004782091457945419 neutral:0.0011980359844207507 conflict:2.939824549261502E-9 
Instance106: positive positive:0.9953352353941324 negative:0.003719775826393464 neutral:9.427340823312025E-4 conflict:2.2546971428697692E-6 
Instance107: positive positive:0.9767668857782458 negative:0.0188392743540722 neutral:0.004344222099554917 conflict:4.9617768127285054E-5 
Instance108: positive negative:0.7139998518549752 positive:0.15496543316686226 neutral:0.13090133441050603 conflict:1.3338056765661597E-4 
Instance109: positive positive:0.4746643006298451 negative:0.2916431545724875 neutral:0.23369254205725323 conflict:2.7404142968777768E-9 
Instance110: positive positive:0.9467602541090535 negative:0.04016979377722281 neutral:0.01306680252840188 conflict:3.149585321601029E-6 
Instance111: negative neutral:0.5227423380442968 negative:0.3691299431523417 positive:0.10812614042225487 conflict:1.5783811066035053E-6 
Instance112: positive positive:0.9109759475847337 neutral:0.07858722311978308 negative:0.010433985396348655 conflict:2.8438991345402974E-6 
Instance113: positive positive:0.9640506805741307 neutral:0.0324456657741066 negative:0.003499050533954195 conflict:4.603117808541495E-6 
Instance114: positive positive:0.9740253031687353 negative:0.025799170063508986 neutral:1.7440071512816126E-4 conflict:1.1260526274660592E-6 
Instance115: positive positive:0.9961220295605521 negative:0.0038472594058864685 neutral:3.0710983057802495E-5 conflict:5.0503668371056574E-11 
Instance116: positive positive:0.9513641322404263 negative:0.026821472078233172 neutral:0.02181338983699233 conflict:1.005844348220711E-6 
Instance117: positive positive:0.972939357386065 neutral:0.01563160811024573 negative:0.011419211680631269 conflict:9.82282305833831E-6 
Instance118: positive positive:0.9927976406086135 negative:0.004402494064754884 neutral:0.002799860540376796 conflict:4.786254791681477E-9 
Instance119: positive positive:0.9924371354172108 negative:0.003993534562469848 neutral:0.0035662568644670594 conflict:3.0731558522496846E-6 
Instance120: positive positive:0.9982200179816049 negative:0.0015419779110073697 neutral:2.3800288501377826E-4 conflict:1.2223739428054916E-9 
Instance121: positive positive:0.9955307658102371 negative:0.004269418222616785 neutral:1.9981579037848764E-4 conflict:1.7676765268986125E-10 
Instance122: positive positive:0.9990495163351505 neutral:5.409036390539462E-4 negative:4.0958001768763553E-4 conflict:8.107788912317146E-12 
Instance123: positive positive:0.9066394602976219 negative:0.05803909232490843 neutral:0.035321270962100026 conflict:1.7641536971084257E-7 
Instance124: positive positive:0.9443238295388559 negative:0.05364068584882127 neutral:0.002034747054662228 conflict:7.375576603763746E-7 
Instance125: positive positive:0.9602156757569421 negative:0.038268123795003536 neutral:0.0015161892757527137 conflict:1.117230169930389E-8 
Instance126: positive positive:0.9986039735730103 negative:0.0013283459882885962 neutral:6.768040267734916E-5 conflict:3.602359378766928E-11 
Instance127: positive positive:0.7203775125225549 negative:0.21985366324858094 neutral:0.05964601928880262 conflict:1.228049400615202E-4 
Instance128: positive positive:0.9840577729866685 negative:0.012976431746781356 neutral:0.0029657952483529808 conflict:1.8196970415515974E-11 
Instance129: positive positive:0.6711816732726196 negative:0.26361090321004077 neutral:0.06516694579965293 conflict:4.04777176868715E-5 
Instance130: positive neutral:0.5751362680347905 negative:0.4211726793225416 positive:0.0036909762386417616 conflict:7.640402617905524E-8 
Instance131: negative negative:0.9370609628889573 positive:0.055791280519171024 neutral:0.007058395952405368 conflict:8.936063946645013E-5 
Instance132: negative positive:0.9056648964467656 negative:0.06767801923488449 neutral:0.026657084053971422 conflict:2.643785329034503E-10 
Instance133: negative negative:0.40619065978574276 positive:0.33069383684774356 neutral:0.2631151662982526 conflict:3.3706826111884246E-7 
Instance134: conflict positive:0.5724131056745076 neutral:0.30614192019848696 negative:0.12144493127405646 conflict:4.2852949043207435E-8 
Instance135: conflict positive:0.951253029273504 negative:0.03180799753292381 neutral:0.016938967890735818 conflict:5.302836390591234E-9 
Instance136: conflict positive:0.6827583822879678 neutral:0.16293275532792786 negative:0.1543073524229259 conflict:1.5099611784187626E-6 
Instance137: positive positive:0.9365422843561508 negative:0.051150456097521405 neutral:0.012171063936779766 conflict:1.3619560954815046E-4 
Instance138: neutral positive:0.4716379554989743 neutral:0.4460762364889399 negative:0.08227346651180453 conflict:1.2341500281273982E-5 
Instance139: neutral negative:0.9109727607626347 neutral:0.05105224200372196 positive:0.03797499241209629 conflict:4.821547055608093E-9 
Instance140: positive neutral:0.5178654599120122 positive:0.27167432707314776 negative:0.2104597230211877 conflict:4.899936523861929E-7 
Instance141: positive positive:0.5170554526691727 neutral:0.27252387903304115 negative:0.2104206656123345 conflict:2.685451668568325E-9 
Instance142: neutral positive:0.4273976404440632 neutral:0.4074400926104634 negative:0.16512561937324827 conflict:3.664757222527425E-5 
Instance143: positive positive:0.9956607919244937 negative:0.0035255157965420315 neutral:8.136911083328184E-4 conflict:1.170631319993887E-9 
Instance144: positive positive:0.5974516359675693 negative:0.2638542279473747 neutral:0.13797831431745755 conflict:7.158217675985693E-4 
Instance145: positive positive:0.9457908786577288 negative:0.0395594693839768 neutral:0.014649651923973096 conflict:3.43213786353083E-11 
Instance146: positive positive:0.997735825755535 negative:0.001931764333899257 neutral:3.324097546281801E-4 conflict:1.5593771692435692E-10 
Instance147: neutral positive:0.4968487701324346 neutral:0.35950232822438905 negative:0.14364890152060475 conflict:1.2257176490482052E-10 
Instance148: positive positive:0.9816534926063325 neutral:0.016146774946064108 negative:0.002199697836158135 conflict:3.461144518786606E-8 
Instance149: negative positive:0.5669930284001 negative:0.41079221857802484 neutral:0.02206355298225704 conflict:1.512000396181216E-4 
Instance150: positive positive:0.9881653680988599 negative:0.00975362994104508 neutral:0.0020808618675771783 conflict:1.40092517738179E-7 
Instance151: positive positive:0.9987216883092535 negative:0.0011168658638163519 neutral:1.6143860265803437E-4 conflict:7.224272131575376E-9 
Instance152: positive positive:0.7965639983337861 negative:0.1410550387744657 neutral:0.062380177572479996 conflict:7.85319268062003E-7 
Instance153: positive positive:0.999050776977618 neutral:5.203436451364596E-4 negative:4.2874037165930705E-4 conflict:1.3900558620371762E-7 
Instance154: positive positive:0.9991676512770675 neutral:5.813015964378883E-4 negative:2.510452322085841E-4 conflict:1.8942859436174136E-9 
Instance155: neutral positive:0.5021933957154767 negative:0.44288087714933494 neutral:0.05492546973075109 conflict:2.5740443725448196E-7 
Instance156: neutral negative:0.3734173306167711 neutral:0.3305235520785259 positive:0.2960590470806277 conflict:7.022407525991683E-8 
Instance157: negative positive:0.6595091865658601 negative:0.30968139902013186 neutral:0.030809413950336647 conflict:4.6367146459188095E-10 
Instance158: neutral positive:0.762031110037738 negative:0.21855690605281833 neutral:0.01941195491993639 conflict:2.8989507226560173E-8 
Instance159: positive positive:0.998337076146029 neutral:0.0011128897963868217 negative:5.500334192551177E-4 conflict:6.383291139123527E-10 
Instance160: neutral positive:0.9872433011646563 negative:0.011618277005954141 neutral:0.001136304434359387 conflict:2.1173950302139925E-6 
Instance161: positive positive:0.5523824050546358 negative:0.4234780156035075 neutral:0.02413752257073087 conflict:2.056771125879666E-6 
Instance162: neutral positive:0.8415064864954428 negative:0.15471009822107532 neutral:0.0037833875803596224 conflict:2.7703122319180397E-8 
Instance163: positive positive:0.9476493793383141 negative:0.050796982818370445 neutral:0.001553636585071244 conflict:1.2582443597938622E-9 
Instance164: positive positive:0.9580322890042648 negative:0.04139923092181365 neutral:5.684785696326736E-4 conflict:1.5042889655058892E-9 
Instance165: positive negative:0.5205103675591539 positive:0.36677982728631886 neutral:0.11259363580460664 conflict:1.1616934992046843E-4 
Instance166: positive positive:0.8690642960541 negative:0.08131658933884055 neutral:0.049619113909264434 conflict:6.977950310359428E-10 
Instance167: positive positive:0.9826018075892252 negative:0.014735879805094033 neutral:0.002662306876921371 conflict:5.728759492363454E-9 
Instance168: neutral positive:0.903248676899001 neutral:0.0490875536479551 negative:0.04766372690171466 conflict:4.2551329284196664E-8 
Instance169: neutral positive:0.9052296338629702 negative:0.05815956718025433 neutral:0.0366107287185804 conflict:7.023819528625319E-8 
Instance170: negative positive:0.7609767276869013 negative:0.20625123440262993 neutral:0.032772037707588825 conflict:2.0287991251410576E-10 
Instance171: positive positive:0.9824451706085097 negative:0.012710562912296764 neutral:0.004778769311998392 conflict:6.549716719524512E-5 
Instance172: positive positive:0.9937885993910271 negative:0.003880698031235762 neutral:0.002325391237227305 conflict:5.311340509580857E-6 
Instance173: neutral positive:0.8337229286520178 negative:0.10978962730160717 neutral:0.0564785795903777 conflict:8.864455997159364E-6 
Instance174: neutral positive:0.6571546984033094 neutral:0.18595212254800347 negative:0.15688586862271725 conflict:7.310425969915678E-6 
Instance175: negative negative:0.5864581649919833 positive:0.26742788994221384 neutral:0.1458543509489562 conflict:2.595941168465877E-4 
Instance176: positive positive:0.9909604186969035 negative:0.00491334926423494 neutral:0.0041261414770992445 conflict:9.056176237131644E-8 
Instance177: negative negative:0.4777190102680192 positive:0.4288547463337574 neutral:0.09342119540582879 conflict:5.047992394636087E-6 
Instance178: negative positive:0.9440619926446138 negative:0.045630615356222606 neutral:0.01030738855465981 conflict:3.4445037539923965E-9 
Instance179: positive positive:0.9989680078480636 negative:8.421967506073127E-4 neutral:1.8937768106605407E-4 conflict:4.177202630869451E-7 
Instance180: positive positive:0.9992180612501015 neutral:5.213107314073475E-4 negative:2.6035371068374493E-4 conflict:2.7430780749256783E-7 
Instance181: negative positive:0.6516755259847734 negative:0.3288955043470284 neutral:0.01942895996738167 conflict:9.700816534702048E-9 
Instance182: neutral positive:0.44461639167244893 negative:0.43900718824038537 neutral:0.11637636478595886 conflict:5.530120683727524E-8 
Instance183: neutral positive:0.7149661251371577 neutral:0.25151509309494 negative:0.03351876509405287 conflict:1.66738494864904E-8 
Instance184: neutral negative:0.828828632492319 positive:0.11904406782766955 neutral:0.052126936497378984 conflict:3.631826326906123E-7 
Instance185: negative neutral:0.6526571088729711 negative:0.23324806368860998 positive:0.11409470910073242 conflict:1.1833768646611773E-7 
Instance186: positive positive:0.9975845207537929 negative:0.002147392470677881 neutral:2.680863904692412E-4 conflict:3.850600310626619E-10 
Instance187: negative positive:0.7166705395048281 negative:0.2787266669861189 neutral:0.004599979449316256 conflict:2.8140597367227325E-6 
Instance188: neutral positive:0.6345947137521606 negative:0.3031940951979487 neutral:0.06221118931312462 conflict:1.7367661289188885E-9 
Instance189: negative positive:0.7420236375618957 negative:0.20646498775259955 neutral:0.05150287030097438 conflict:8.50438453030423E-6 
Instance190: negative positive:0.872389059025224 negative:0.11824805353681875 neutral:0.009362885061005364 conflict:2.376951829318888E-9 
Instance191: neutral neutral:0.5426024628517799 positive:0.3870007788008463 negative:0.07039675521999851 conflict:3.12737531527145E-9 
Instance192: positive positive:0.9854758437232095 negative:0.012558366179244284 neutral:0.001963776015745361 conflict:2.0140818007084105E-6 
Instance193: positive positive:0.9985655788606654 negative:0.001153648468532465 neutral:2.802004539277878E-4 conflict:5.722168745415812E-7 
Instance194: positive positive:0.9975931879410572 neutral:0.0014421121873908606 negative:9.646904929680932E-4 conflict:9.37858397266548E-9 
Instance195: conflict positive:0.9970280403211913 neutral:0.0021920530702225186 negative:7.795390101497329E-4 conflict:3.6759843655374226E-7 
Instance196: positive positive:0.9690656237833204 negative:0.027845856455389926 neutral:0.003088518418409813 conflict:1.3428798564637723E-9 
Instance197: negative positive:0.6740813828043017 neutral:0.24769883824275282 negative:0.07820828130945608 conflict:1.14976434894268E-5 
Instance198: conflict positive:0.9831062521875209 negative:0.014349786815258777 neutral:0.0025439440979758937 conflict:1.6899244544439135E-8 
Instance199: conflict positive:0.9919776498783057 negative:0.006784331744669631 neutral:0.0012380109403232267 conflict:7.436701242431909E-9 
Instance200: negative negative:0.7761965861412867 positive:0.1303832860083845 neutral:0.0934173491723122 conflict:2.778678016617508E-6 
Instance201: neutral neutral:0.7126123998054701 negative:0.17924567597231827 positive:0.10814047585443362 conflict:1.4483677780586644E-6 
Instance202: neutral positive:0.9546639904022057 negative:0.027443098055239697 neutral:0.01789280499153298 conflict:1.0655102170306655E-7 
Instance203: positive positive:0.9719585250100548 neutral:0.019355056884921576 negative:0.008065759589443706 conflict:6.206585155800594E-4 
Instance204: negative positive:0.9411184195480602 negative:0.05798813858022137 neutral:8.934418499309101E-4 conflict:2.1787687910286285E-11 
Instance205: positive positive:0.9585967030660799 negative:0.024500259266385493 neutral:0.016902883182515895 conflict:1.5448501874079872E-7 
Instance206: positive positive:0.9583568139684093 negative:0.026598483248235348 neutral:0.015044701384064276 conflict:1.3992910162435543E-9 
Instance207: neutral positive:0.7994342800120319 negative:0.18822579267651046 neutral:0.012317800194502652 conflict:2.2127116955010092E-5 
Instance208: positive positive:0.7541076534155612 negative:0.19837906542246686 neutral:0.04750920156396431 conflict:4.0795980077152E-6 
Instance209: negative negative:0.7806470800575679 positive:0.11610730382188043 neutral:0.10324559408932375 conflict:2.2031227963874687E-8 
Instance210: neutral negative:0.4970039692224762 positive:0.3888114257634737 neutral:0.11418454678085166 conflict:5.823319852350421E-8 
Instance211: positive positive:0.466381534817319 negative:0.2902686616761771 neutral:0.23218174706510358 conflict:0.011168056441400313 
Instance212: positive positive:0.9889045650732676 negative:0.007577644420120848 neutral:0.0035177898123525814 conflict:6.942589796785521E-10 
Instance213: negative positive:0.9602951995243032 negative:0.03478016241637314 neutral:0.004922624843303818 conflict:2.0132160199210423E-6 
Instance214: positive positive:0.9795072595155198 negative:0.01675037962217949 neutral:0.0037421312254238585 conflict:2.2963687670945058E-7 
Instance215: positive positive:0.7177744777142369 negative:0.14748030895765865 neutral:0.13300155541779726 conflict:0.0017436579103074258 
Instance216: positive positive:0.9227485171855339 neutral:0.05997236652037795 negative:0.017278278975481464 conflict:8.373186066721265E-7 
Instance217: neutral positive:0.9738846084113457 neutral:0.019272042214489474 negative:0.006843349289845051 conflict:8.43198980096538E-11 
Instance218: neutral positive:0.8720808275143797 negative:0.099541076071598 neutral:0.028373706260756866 conflict:4.390153265342635E-6 
Instance219: positive positive:0.9110149741684974 negative:0.08446311023539955 neutral:0.00438663954465994 conflict:1.3527605144301585E-4 
Instance220: positive positive:0.993483873549876 neutral:0.005389625154278356 negative:0.0011264103276268627 conflict:9.096821887525763E-8 
Instance221: positive positive:0.5096015397052689 negative:0.4136374063167179 neutral:0.07669265635485913 conflict:6.839762315405836E-5 
Instance222: positive positive:0.9424833500841399 negative:0.044448693774988696 neutral:0.013062854097773706 conflict:5.10204309770569E-6 
Instance223: conflict negative:0.5511411812783331 positive:0.2756083177330942 neutral:0.17325049573090298 conflict:5.257669694813446E-9 
Instance224: negative negative:0.49418685988907707 positive:0.48756067980773066 neutral:0.01819063209926054 conflict:6.18282039317683E-5 
Instance225: neutral positive:0.9372943487416123 negative:0.03876655967760664 neutral:0.023939012831344683 conflict:7.874943629014002E-8 
Instance226: negative positive:0.9667872712792297 negative:0.027631027702467836 neutral:0.005581624948436164 conflict:7.606986647759874E-8 
Instance227: negative negative:0.5225899363950871 positive:0.42575476054254996 neutral:0.05137047434795677 conflict:2.8482871440603427E-4 
Instance228: positive positive:0.9931905554059356 neutral:0.003903894785726855 negative:0.0029055497510507983 conflict:5.728670751154425E-11 
Instance229: positive positive:0.9113571820593072 neutral:0.08368221047987157 negative:0.0049606070221365 conflict:4.3868490965231994E-10 
Instance230: neutral positive:0.9271588129306317 neutral:0.04319556019394975 negative:0.029645582946942185 conflict:4.3928476265457334E-8 
Instance231: neutral positive:0.882246545859227 neutral:0.06939876051383184 negative:0.048354121431227186 conflict:5.721957141352029E-7 
Instance232: positive positive:0.8182174735539071 negative:0.1782119413692045 neutral:0.003570510834958961 conflict:7.424192953303262E-8 
Instance233: positive negative:0.38581326580874536 positive:0.3458060152454598 neutral:0.2683806634691355 conflict:5.547665932755372E-8 
Instance234: neutral neutral:0.6172660587828047 positive:0.2553989468117406 negative:0.12732776212186483 conflict:7.232283589825203E-6 
Instance235: positive positive:0.9088489019247854 negative:0.08280289942315625 neutral:0.008348181163646835 conflict:1.7488411347636926E-8 
Instance236: neutral positive:0.8301361125946745 neutral:0.11071447986050073 negative:0.05914939107159469 conflict:1.647323011624745E-8 
Instance237: negative negative:0.626635562542822 positive:0.2640791519908689 neutral:0.10928491529077466 conflict:3.701755343389968E-7 
Instance238: negative negative:0.9651532269876744 positive:0.026002606703069343 neutral:0.008844159123429724 conflict:7.1858264483218465E-9 
Instance239: negative positive:0.9124166721239955 negative:0.07480394580104376 neutral:0.012779381795323995 conflict:2.7963690845084836E-10 
Instance240: positive positive:0.9997047943911967 negative:2.792229917662715E-4 neutral:1.598260340966673E-5 conflict:1.3627376945802955E-11 
Instance241: positive positive:0.9997326767128945 negative:1.974884925171738E-4 neutral:6.983139586944313E-5 conflict:3.3987189645423804E-9 
Instance242: positive positive:0.9952985733134871 neutral:0.00277109843443205 negative:0.001930256412054384 conflict:7.184002653433779E-8 
Instance243: neutral positive:0.9569998877007112 negative:0.03733584800382358 neutral:0.005664112983278814 conflict:1.5131218626841906E-7 
Instance244: neutral positive:0.91825946840558 negative:0.07198729227660375 neutral:0.009753217983931393 conflict:2.13338847479804E-8 
Instance245: positive positive:0.979893338422081 negative:0.014884254434494287 neutral:0.005222405642965471 conflict:1.500459036746204E-9 
Instance246: positive positive:0.9809730446999946 negative:0.012821621194446037 neutral:0.0062053048743372355 conflict:2.923122207504714E-8 
Instance247: neutral positive:0.8035701426820895 negative:0.14277887621914515 neutral:0.0536382873463689 conflict:1.2693752396615133E-5 
Instance248: positive negative:0.43245910254768305 positive:0.3000422278494738 neutral:0.2674979417629086 conflict:7.278399343458922E-7 
Instance249: neutral negative:0.5440718871777909 positive:0.3021946435380409 neutral:0.15373250877626096 conflict:9.605079072702367E-7 
Instance250: positive positive:0.8161341395743181 neutral:0.17024111521371155 negative:0.013624745054526537 conflict:1.5744385538562132E-10 
Instance251: positive neutral:0.5274655266963083 negative:0.3352144447427972 positive:0.13715124222311612 conflict:1.6878633777839548E-4 
Instance252: positive positive:0.7707167991880015 neutral:0.20114499083459875 negative:0.028137713660814197 conflict:4.963165854097434E-7 
Instance253: positive positive:0.4215342653275217 neutral:0.41900687105095746 negative:0.15945286696003158 conflict:5.99666148902771E-6 
Instance254: positive positive:0.996744465993367 negative:0.0017267689970509586 neutral:0.001527145909601711 conflict:1.6190999802648323E-6 
Instance255: positive positive:0.9988139194758996 negative:7.833628639524689E-4 neutral:4.0271765252483996E-4 conflict:7.622991395563805E-12 
Instance256: negative positive:0.579089145291305 negative:0.38127720321022557 neutral:0.03961886039347549 conflict:1.4791104993887964E-5 
Instance257: negative positive:0.7415404079639506 negative:0.228041441003916 neutral:0.030418071635457473 conflict:7.93966760444591E-8 
Instance258: positive positive:0.9789057507864013 negative:0.01742554426414756 neutral:0.0036656383095802687 conflict:3.0666398709132108E-6 
Instance259: neutral positive:0.7896943964886962 neutral:0.19051475095434536 negative:0.019790850642075506 conflict:1.914882820104539E-9 
Instance260: positive neutral:0.7750312708530026 negative:0.14698766405363056 positive:0.07797971076566872 conflict:1.3543276979147897E-6 
Instance261: positive neutral:0.5058273551786625 positive:0.31407398866515895 negative:0.17995369069165057 conflict:1.449654645280327E-4 
Instance262: neutral positive:0.9600699055606825 negative:0.03278583067299483 neutral:0.007144233842639394 conflict:2.992368334250917E-8 
Instance263: neutral positive:0.5076250385021694 negative:0.30908434150345165 neutral:0.1832783487899935 conflict:1.2271204385447672E-5 
Instance264: neutral positive:0.9331548120874765 negative:0.053187468328985 neutral:0.013657557619538296 conflict:1.619640000604187E-7 
Instance265: neutral neutral:0.6543566012981537 negative:0.31603833003088055 positive:0.02919216039521468 conflict:4.1290827575100143E-4 
Instance266: neutral neutral:0.6703184533980145 negative:0.20969532998658572 positive:0.11875954278182581 conflict:0.0012266738335740283 
Instance267: neutral positive:0.5650957408325756 negative:0.41596600522220106 neutral:0.01893623903712736 conflict:2.0149080959301436E-6 
Instance268: neutral negative:0.4446839315674161 neutral:0.3209013754331253 positive:0.23415579106963738 conflict:2.589019298212041E-4 
Instance269: positive positive:0.9489594415273467 negative:0.03017056599186798 neutral:0.02086850436673552 conflict:1.4881140500057686E-6 
Instance270: negative positive:0.8143301575605518 negative:0.15270807208596193 neutral:0.03287084430153511 conflict:9.092605195110186E-5 
Instance271: positive negative:0.44188065524667913 neutral:0.3713169825091276 positive:0.18680119949988602 conflict:1.1627443073443507E-6 
Instance272: negative positive:0.9217289148195885 negative:0.06393306334059237 neutral:0.014338021825119928 conflict:1.469920537519034E-11 
Instance273: positive positive:0.987776656047766 negative:0.011620082311150652 neutral:6.032614970306525E-4 conflict:1.4405285384268647E-10 
Instance274: positive positive:0.9855088355001301 negative:0.010583977575358634 neutral:0.003907079965932986 conflict:1.0695857822810619E-7 
Instance275: positive positive:0.9268490485494695 neutral:0.06245318582426656 negative:0.010697718964704886 conflict:4.666155904183675E-8 
Instance276: positive positive:0.9642877668923037 negative:0.03242270389081757 neutral:0.003289002038740962 conflict:5.271781377868271E-7 
Instance277: negative positive:0.9355207805378456 negative:0.055409071047745506 neutral:0.009070019121003295 conflict:1.2929340578324264E-7 
Instance278: positive positive:0.9296051724296982 negative:0.06834264599560697 neutral:0.0020521512149406867 conflict:3.0359754285187016E-8 
Instance279: positive positive:0.9707868419726337 negative:0.02792719380541553 neutral:0.0012859562878808294 conflict:7.934069928562607E-9 
Instance280: positive positive:0.9142672541602508 negative:0.0656655569365189 neutral:0.020059894997743105 conflict:7.293905487213356E-6 
Instance281: neutral positive:0.46015892277043763 neutral:0.4237953591241108 negative:0.11604403079340232 conflict:1.6873120492932918E-6 
Instance282: neutral positive:0.42264794705898795 neutral:0.32072039589610407 negative:0.25663165259196274 conflict:4.452945267359528E-9 
Instance283: neutral negative:0.7604240213856449 positive:0.1681886314100749 neutral:0.07138734707350808 conflict:1.3077221256008442E-10 
Instance284: positive negative:0.4348553539364775 neutral:0.41414884919656925 positive:0.15099525837572647 conflict:5.384912268069539E-7 
Instance285: positive positive:0.9690167849862203 negative:0.01967637387484069 neutral:0.011301406796376192 conflict:5.434342562674985E-6 
Instance286: positive positive:0.9659106342872485 neutral:0.020204200055033598 negative:0.013885161799002633 conflict:3.858715387225679E-9 
